Trained on 15-33 split


============================= Training pipeline =============================
ℹ Pipeline: ['transformer', 'spancat']
ℹ Initial learn rate: 0.0
E    #       LOSS TRANS...  LOSS SPANCAT  SPANS_SC_F  SPANS_SC_P  SPANS_SC_R  SCORE 
---  ------  -------------  ------------  ----------  ----------  ----------  ------
  0       0       75194.80      77877.38        0.03        0.01        0.66    0.00
  4     200     3247261.52    6937039.66        0.00        0.00        0.00    0.00
  8     400       17707.27    1409270.66        0.00        0.00        0.00    0.00
 12     600         665.61     153900.56        0.00        0.00        0.00    0.00
 16     800           6.37      16666.78        0.00        0.00        0.00    0.00
 21    1000          11.67       7933.26        0.00        0.00        0.00    0.00
 25    1200          55.81       5180.90        4.16        5.56        3.32    0.04
 29    1400          59.48       3582.50       43.09       50.45       37.61    0.43
 34    1600          80.93       2077.22       73.39       76.19       70.80    0.73
 38    1800          50.98        968.30       80.68       82.45       78.98    0.81
 42    2000          22.79        461.55       84.66       83.30       86.06    0.85
 46    2200          11.51        242.22       85.75       85.65       85.84    0.86
 50    2400           4.41        129.80       85.84       85.19       86.50    0.86
 55    2600           1.25         99.58       85.96       83.97       88.05    0.86
 59    2800           1.91         94.33       86.42       84.24       88.72    0.86
 63    3000           1.13         78.21       85.65       83.58       87.83    0.86
 67    3200           0.33         74.25       85.50       84.30       86.73    0.85
 72    3400           0.18         67.34       85.75       84.37       87.17    0.86
 76    3600           1.39         67.79       84.02       84.88       83.19    0.84
 80    3800           2.04         56.59       86.91       84.38       89.60    0.87
 84    4000           1.35         40.82       85.97       86.55       85.40    0.86
 89    4200           0.72         21.19       86.59       86.03       87.17    0.87
 93    4400           0.73         20.85       86.41       86.31       86.50    0.86
 97    4600           0.89         16.69       87.17       87.17       87.17    0.87
101    4800           0.07         12.45       87.62       86.77       88.50    0.88
105    5000           0.90         11.66       87.20       85.53       88.94    0.87
110    5200           0.11         10.49       87.53       86.58       88.50    0.88
114    5400           0.03          8.48       87.15       85.84       88.50    0.87
118    5600           0.03          8.09       87.84       86.98       88.72    0.88
122    5800           0.02          7.55       87.54       85.77       89.38    0.88
127    6000           0.03          6.98       87.61       86.11       89.16    0.88
131    6200           0.02          6.50       87.43       86.39       88.50    0.87
135    6400           0.01          5.77       86.86       85.29       88.50    0.87
139    6600           7.17         70.41       85.93       84.11       87.83    0.86
144    6800           2.39         33.23       85.93       84.11       87.83    0.86
148    7000           2.63         23.22       84.40       80.12       89.16    0.84
152    7200           3.85         24.01       86.54       84.28       88.94    0.87
✔ Saved pipeline to output directory
output/model-last