Trained on updated 15-33 split (no duplicates, better class balance)

Note: allow_overlap configuration parameter was set to true

✔ Initialized pipeline

============================= Training pipeline =============================
ℹ Pipeline: ['transformer', 'spancat']
ℹ Initial learn rate: 0.0
E    #       LOSS TRANS...  LOSS SPANCAT  SPANS_SC_F  SPANS_SC_P  SPANS_SC_R  SCORE 
---  ------  -------------  ------------  ----------  ----------  ----------  ------
  0       0       42004.47      49599.32        0.01        0.01        1.12    0.00
  6     200     4727507.59   10415748.55        0.00        0.00        0.00    0.00
 12     400       25738.35    2142023.18        0.00        0.00        0.00    0.00
 18     600         974.80     230711.18        0.00        0.00        0.00    0.00
 25     800           9.43      25090.23        0.00        0.00        0.00    0.00
 31    1000           0.45      11600.23        0.00        0.00        0.00    0.00
 37    1200           0.39      10993.25        0.00        0.00        0.00    0.00
 43    1400           0.04      11233.53        0.00        0.00        0.00    0.00
 50    1600           0.05      11516.61        0.00        0.00        0.00    0.00
 56    1800           0.05      10832.79        0.00        0.00        0.00    0.00
 62    2000           0.10      10873.03        0.00        0.00        0.00    0.00
 68    2200          20.85      10620.35        0.00        0.00        0.00    0.00
 75    2400          55.61       7114.46        4.87        6.12        4.04    0.05
 81    2600         164.11       5920.25       21.38       30.67       16.40    0.21
 87    2800         129.83       4391.70       54.62       66.13       46.52    0.55
 93    3000          79.64       2178.85       77.32       73.48       81.57    0.77
100    3200          37.50        893.46       84.67       83.74       85.62    0.85
106    3400          15.65        466.66       84.63       81.63       87.87    0.85
112    3600           5.23        316.71       86.05       81.78       90.79    0.86
118    3800           4.45        236.13       84.75       79.64       90.56    0.85
125    4000           1.66        191.56       87.34       84.93       89.89    0.87
131    4200           1.12        161.53       86.60       82.22       91.46    0.87
137    4400           0.98        111.17       88.67       87.69       89.66    0.89
143    4600           0.34        100.65       87.15       84.57       89.89    0.87
150    4800           0.18         97.09       87.65       86.78       88.54    0.88
156    5000           0.50         99.94       87.49       86.24       88.76    0.87
162    5200           0.48         99.06       87.37       83.44       91.69    0.87
168    5400           2.35         67.44       87.91       86.02       89.89    0.88
175    5600           0.66         33.94       89.34       89.24       89.44    0.89
181    5800           0.75         33.95       88.82       85.92       91.91    0.89
187    6000           0.30         24.69       89.23       88.16       90.34    0.89
193    6200           0.04         23.37       88.45       86.64       90.34    0.88
200    6400           0.03         22.62       88.60       86.51       90.79    0.89
206    6600           0.03         23.12       88.24       85.62       91.01    0.88
212    6800           0.02         20.34       88.43       85.99       91.01    0.88
218    7000           0.02         19.94       87.99       87.89       88.09    0.88
225    7200           3.47         55.44       86.97       89.34       84.72    0.87
231    7400           3.46         59.73       87.33       86.37       88.31    0.87
237    7600           0.15         20.71       87.26       86.03       88.54    0.87
243    7800           0.19         29.49       88.09       85.74       90.56    0.88
250    8000           0.02         18.12       88.86       87.23       90.56    0.89
256    8200           0.04         19.50       87.85       87.17       88.54    0.88
262    8400           0.02         16.87       88.12       87.06       89.21    0.88
268    8600           0.71         25.90       88.03       86.87       89.21    0.88
275    8800           1.47         25.95       88.86       88.96       88.76    0.89
✔ Saved pipeline to output directory
output/model-last